2 1 3 7 8 9 4 5 6
4 5 6 2 1 3 7 8 9
7 8 9 4 5 6 2 1 3
3 2 1 9 7 8 6 4 5
6 4 5 3 2 1 9 7 8
9 7 8 6 4 5 3 2 1
1 3 2 8 9 7 5 6 4
5 6 4 1 3 2 8 9 7
8 9 7 5 6 4 1 3 2

2 1 3 7 8 9 4 6 5
4 5 6 2 1 3 7 9 8
7 8 9 4 5 6 2 3 1
3 2 1 9 7 8 6 5 4
6 4 5 3 2 1 9 8 7
9 7 8 6 4 5 3 1 2
1 3 2 8 9 7 5 4 6
5 6 4 1 3 2 8 7 9
8 9 7 5 6 4 1 2 3

2 1 3 7 8 9 5 4 6
4 5 6 2 1 3 8 7 9
7 8 9 4 5 6 1 2 3
3 2 1 9 7 8 4 6 5
6 4 5 3 2 1 7 9 8
9 7 8 6 4 5 2 3 1
1 3 2 8 9 7 6 5 4
5 6 4 1 3 2 9 8 7
8 9 7 5 6 4 3 1 2

2 1 3 7 8 9 5 6 4
4 5 6 2 1 3 8 9 7
7 8 9 4 5 6 1 3 2
3 2 1 9 7 8 4 5 6
6 4 5 3 2 1 7 8 9
9 7 8 6 4 5 2 1 3
1 3 2 8 9 7 6 4 5
5 6 4 1 3 2 9 7 8
8 9 7 5 6 4 3 2 1

2 1 3 7 8 9 6 5 4
4 5 6 2 1 3 9 8 7
7 8 9 4 5 6 3 1 2
3 2 1 9 7 8 5 4 6
6 4 5 3 2 1 8 7 9
9 7 8 6 4 5 1 2 3
1 3 2 8 9 7 4 6 5
5 6 4 1 3 2 7 9 8
8 9 7 5 6 4 2 3 1

